STN--- WBAN   YEARMODA    TEMP       DEWP      SLP        STP       VISIB      WDSP     MXSPD   GUST    MAX     MIN   PRCP   SNDP   FRSHTT
010980 99999  20100101    23.8 20    20.4 20  1026.0 20  1024.1 20   12.0  6   14.1 20   21.4  999.9    26.2*   22.5*  0.08E 999.9  001000
010980 99999  20100102    11.7 22     9.8 22  1018.3 22  1016.4 22    6.7  6   17.8 22   23.3  999.9    18.9*    9.3*  0.00G 999.9  001000
010980 99999  20100103    15.4 24    12.0 24  1006.0 24  1004.1 24    9.2  8   13.4 24   21.4  999.9    19.2    11.3   0.02G 999.9  001000
010980 99999  20100104    20.2 24    17.6 24  1009.0 23  1007.1 23   11.2  7    8.7 23   13.6  999.9    24.4*   15.8   0.08G 999.9  001000
010980 99999  20100105    25.2 24    18.7 24  1010.9 24  1009.0 24   10.4  8    7.4 24   13.6  999.9    28.6    22.3   0.00G 999.9  001000
010980 99999  20100106    20.6 24    14.7 24  1013.6 24  1011.7 24   28.4  8    7.3 24   11.7  999.9    24.3    18.1   0.04F 999.9  000000
010980 99999  20100107    18.4 23    13.7 23  1013.5 23  1011.6 23   20.3  8   18.2 23   27.2  999.9    25.5*   10.9*  0.12G 999.9  001000
010980 99999  20100108    16.3 24    14.4 24  1011.5 23  1009.6 23    7.9  7   17.9 23   23.3  999.9    27.9*    8.4   0.04G 999.9  000000
010980 99999  20100109    26.9 20    24.4 20  1016.5 20  1014.7 20   12.9  5   18.9 20   27.2  999.9    35.8*   22.1*  0.08G 999.9  011000
010980 99999  20100110    37.4 20    32.8 20  1008.4 20  1006.6 20   21.7  5   21.9 20   29.1  999.9    39.6*   33.4*  0.00G 999.9  010000
010980 99999  20100111    28.6 22    23.5 22  1010.7 22  1008.8 22   10.1  7   24.6 22   36.9  999.9    37.8*   23.2*  0.12F 999.9  011000
010980 99999  20100112    27.0 24    21.5 24  1011.6 24  1009.7 24   10.6  8   19.9 24   23.3  999.9    31.3    21.4   0.07F 999.9  001000
010980 99999  20100113    27.7 24    22.0 24  1014.6 24  1012.8 24    9.6  8   14.8 24   21.4  999.9    31.3*   24.1*  0.02E 999.9  001000
010980 99999  20100114    33.4 24    30.0 24  1015.6 24  1013.8 24   17.1  8    8.9 24   15.5  999.9    38.5    23.5   0.00E 999.9  010000
010980 99999  20100115    27.9 24    25.9 24  1023.1 24  1021.3 24   28.0  5   15.6 24   29.1  999.9    33.8*   21.4*  0.00F 999.9  000000
010980 99999  20100116    19.4 24    15.4 24  1018.8 24  1016.9 24   24.9  8   23.1 24   31.1  999.9    24.8    14.9*  0.00G 999.9  000000
010980 99999  20100117    20.7 24    17.5 24  1019.7 24  1017.8 24   16.2  8   29.7 24   42.7  999.9    23.7*   17.6*  0.00G 999.9  000000
010980 99999  20100118    25.9 24    21.5 24  1021.5 24  1019.7 24   15.5  8   24.5 24   38.9  999.9    28.9    20.7   0.00G 999.9  000000
010980 99999  20100119    25.0 24    21.6 24  1020.3 24  1018.4 24   15.1  7   32.0 24   40.8  999.9    27.7*   22.3*  0.00G 999.9  000000
010980 99999  20100120    27.7 23    24.8 23  1027.4 23  1025.6 23   18.6  6   25.8 23   31.1  999.9    31.6*   22.3   0.00G 999.9  000000
010980 99999  20100121    35.2 24    32.1 24  1036.6 24  1034.8 24   25.2  8   15.2 24   23.3  999.9    39.6    28.2   0.00I 999.9  000000
010980 99999  20100122    22.8 24    19.8 24  1036.3 24  1034.4 24   26.7  5   21.4 24   29.1  999.9    30.6*   15.3*  0.00E 999.9  000000
010980 99999  20100123    13.3 24    10.2 24  1033.4 24  1031.4 24   24.5  8   26.7 24   31.1  999.9    19.2*    8.2*  0.00F 999.9  000000
010980 99999  20100124    15.7 24    14.0 24  1029.7 23  1027.8 23   20.2  7   18.0 23   23.3  999.9    19.2     8.1*  0.00E 999.9  000000
010980 99999  20100125    18.2 24    15.3 24  1030.7 24  1028.8 24   16.3  8   26.5 24   35.0  999.9    21.9*   13.6   0.00E 999.9  000000
010980 99999  20100126    25.7 23    23.1 23  1019.1 23  1017.2 23   16.0  7   32.5 23   42.7  999.9    30.2*   19.4   0.00G 999.9  001000
010980 99999  20100127    25.8 24    25.0 24   990.2 24   988.4 24    0.9  8   32.9 24   38.9  999.9    28.0*   21.2*  0.15G 999.9  001000
010980 99999  20100128    14.6 24    12.6 24  1002.8 24  1000.9 24   10.5  8   23.6 24   35.0  999.9    21.7*   10.4*  0.06G 999.9  001000
010980 99999  20100129    16.6 24    13.4 24  1008.1 22  1006.2 22    6.7  5   14.9 22   21.4  999.9    20.5*   12.9*  0.00G 999.9  001000
010980 99999  20100130    20.7 24    15.4 24  1009.4 24  1007.6 24   34.2  8   12.6 24   21.4  999.9    23.4    17.4   0.02G 999.9  000000
010980 99999  20100131    20.4 24    16.4 24  1013.8 24  1011.9 24   12.4  6   12.6 24   19.4  999.9    26.4*   16.9*  0.00G 999.9  001000
010980 99999  20100201    20.8 24    17.8 24  1014.4 24  1012.5 24    8.9  8   16.8 24   21.4  999.9    27.5*   17.4   0.07G 999.9  001000
010980 99999  20100202    25.8 24    22.2 24  1015.8 23  1013.9 23   12.3  6   12.5 23   21.4  999.9    31.6    19.6   0.00G 999.9  001000
010980 99999  20100203    30.3 24    26.7 24  1016.2 24  1014.3 24    8.2  7   15.1 24   25.3  999.9    33.4    24.4   0.04F 999.9  001000
010980 99999  20100204    20.4 24    17.9 24  1024.5 24  1022.5 24   16.9  7   25.0 24   35.0  999.9    25.5*   17.1*  0.00F 999.9  001000
010980 99999  20100205    22.6 24    20.5 24  1020.4 24  1018.6 24    1.7  7   18.9 24   31.1  999.9    25.9*   18.1  99.99  999.9  001000
010980 99999  20100206    24.1 24    22.7 24  1007.2 24  1005.3 24    8.0  7   23.7 24   31.1  999.9    26.2    19.8   0.02E 999.9  001000
010980 99999  20100207    26.7 24    24.3 24  1010.6 24  1008.8 24   20.4  8    8.8 24   15.5  999.9    28.6*   23.7   0.00H 999.9  001000
010980 99999  20100208    27.1 24    22.5 24  1017.8 24  1015.9 24   12.5  7    8.8 24   11.7  999.9    28.9    25.2*  0.04F 999.9  001000
010980 99999  20100209    20.6 24    17.6 24  1020.9 24  1019.0 24   14.6  8   11.4 24   15.5  999.9    24.8*   16.5*  0.00H 999.9  001000
010980 99999  20100210    15.6 24    13.7 24  1017.4 24  1015.5 24    5.6  7   14.4 24   17.5  999.9    19.0    13.1*  0.00G 999.9  001000
010980 99999  20100211    12.8 24    10.6 24  1013.2 24  1011.3 24    9.6  7   15.9 24   23.3  999.9    22.1*    9.3* 99.99  999.9  001000
010980 99999  20100212    21.9 23    19.7 23  1012.7 23  1010.9 23   19.7  8   17.9 23   27.2  999.9    24.8    12.0   0.00F 999.9  000000
010980 99999  20100213    27.4 24    26.2 24  1004.1 24  1002.3 24   12.1  6   17.0 24   25.3  999.9    30.6    21.4   0.00G 999.9  001000
010980 99999  20100214    21.0 24    18.8 24   998.4 24   996.6 24   24.2  8   12.1 24   17.5  999.9    25.7*   18.7*  0.04G 999.9  001000
010980 99999  20100215    27.5 24    24.3 24  1004.9 23  1003.1 23    5.9  6   13.9 23   21.4  999.9    32.0    20.5   0.01G 999.9  001000
010980 99999  20100216    21.6 23    15.5 23  1017.1 23  1015.2 23    4.5  8   11.7 23   17.5  999.9    23.7*   19.8*  0.00G 999.9  011000
010980 99999  20100217    22.6 24    17.8 24  1016.4 24  1014.5 24   12.0  7   12.1 24   21.4  999.9    24.4*   20.1*  0.22F 999.9  001000
010980 99999  20100218    21.0 24    14.8 24  1013.2 24  1011.4 24   11.8  8   15.3 24   21.4  999.9    23.4    17.2*  0.10F 999.9  001000
010980 99999  20100219    18.4 22    12.2 22  1015.6 22  1013.7 22    8.0  7   10.5 22   19.4  999.9    20.5    15.6   0.06F 999.9  001000
010980 99999  20100220    22.2 24    17.5 24  1015.8 22  1013.9 22   14.0  6    9.5 22   19.4  999.9    25.3    17.2   0.20F 999.9  011100
010980 99999  20100221    21.5 23    19.2 23  1014.5 21  1012.7 21   12.7  6    9.0 21   13.6  999.9    24.8    14.5*  0.08E 999.9  001000
010980 99999  20100222    16.7 21    15.0 21  1011.7 18  1009.8 18   13.5  4    9.9 18   19.4  999.9    18.5*   14.2*  0.01E 999.9  000000
010980 99999  20100223    14.0 23    12.2 23  1003.6 22  1001.7 22    3.2  6   16.6 22   19.4  999.9    18.9*   10.4*  0.19G 999.9  001000
010980 99999  20100224    17.8 24    15.9 24  1001.6 24   999.8 24    5.2  6   13.1 24   17.5  999.9    22.6    10.6   0.00G 999.9  001000
010980 99999  20100225    23.8 24    18.8 24   996.8 24   995.0 24   11.2  8   12.1 24   15.5  999.9    26.6    20.7   0.16G 999.9  001000
010980 99999  20100226    22.3 24    16.7 24  1007.3 24  1005.4 24    9.3  7    9.8 24   13.6  999.9    23.7    21.0   0.02G 999.9  001000
010980 99999  20100227    19.6 24    15.3 24  1008.9 23  1007.1 23    9.3  7   14.9 23   21.4  999.9    21.4*   16.2*  0.11G 999.9  001000
010980 99999  20100228    12.8 24     9.8 24  1001.4 24   999.5 24   19.9  8    9.8 24   15.5  999.9    16.5*   10.0*  0.22G 999.9  001000
010980 99999  20100301    23.0 24    18.0 24  1000.1 24   998.2 24   25.6  8    9.9 24   17.5  999.9    29.1*   12.6   0.00G 999.9  001000
010980 99999  20100302    26.9 24    21.1 24  1007.0 24  1005.1 24   19.8  7   16.4 24   21.4  999.9    28.6*   23.0   0.08E 999.9  001000
010980 99999  20100303    27.4 19    19.7 19  1010.0 19  1008.1 19   13.2  8   18.4 19   21.4  999.9    28.6*   25.5   0.06F 999.9  000000
010980 99999  20100304    25.4 24    20.1 24  1008.9 24  1007.1 24   16.3  8   14.4 24   21.4  999.9    28.8    21.9*  0.12F 999.9  001000
010980 99999  20100305    22.4 24    18.6 24  1009.4 23  1007.5 23    6.0  7   13.0 23   19.4  999.9    24.1    20.1   0.28G 999.9  001000
010980 99999  20100306    20.4 24    16.0 24  1018.1 24  1016.2 24   16.7  8   12.7 24   17.5  999.9    24.6    15.6*  0.20G 999.9  001000
010980 99999  20100307    24.3 23    23.1 23  1005.9 23  1004.1 23    4.1  7   31.8 23   38.9  999.9    28.8*   15.3   0.17G 999.9  000000
010980 99999  20100308    26.4 20    24.3 20   988.6 20   986.8 20   16.1  7   22.9 20   33.0  999.9    32.5*   20.8*  0.04G 999.9  001000
010980 99999  20100309    23.6 24    22.0 24   994.7 22   992.8 22    6.6  5   21.3 22   31.1  999.9    26.4*   21.6   0.29G 999.9  001000
010980 99999  20100310    22.7 24    20.1 24   996.1 24   994.2 24   20.3  8   21.0 24   25.3  999.9    25.7    20.8   0.13G 999.9  001000
010980 99999  20100311    22.3 24    18.3 24   992.6 24   990.7 24   27.5  7   18.6 24   23.3  999.9    26.2    18.1   0.00G 999.9  000000
010980 99999  20100312    22.6 24    19.0 24   991.6 23   989.8 23   13.9  7   15.8 23   21.4  999.9    24.1*   18.0  99.99  999.9  001000
010980 99999  20100313    23.9 24    21.4 24   992.5 23   990.7 23   15.7  7    8.7 23   19.4  999.9    28.9    17.6*  0.42G 999.9  011100
010980 99999  20100314    22.7 24    19.2 24   997.2 24   995.3 24   22.2  7    8.3 24   13.6  999.9    27.7    16.2   0.08G 999.9  001000
010980 99999  20100315    19.9 24    14.1 24  1001.0 24   999.2 24   28.4  8   13.0 24   21.4  999.9    24.8*   15.6   0.00G 999.9  000000
010980 99999  20100316    24.2 24    21.6 24   999.5 23   997.6 23   19.5  7   12.4 23   17.5  999.9    26.1*   18.7   0.03G 999.9  001000
010980 99999  20100317    25.7 24    22.0 24  1000.4 24   998.6 24    9.6  8   15.7 24   21.4  999.9    29.5    22.5   0.21G 999.9  011100
010980 99999  20100318    24.1 24    18.2 24  1004.9 24  1003.0 24   29.1  8   11.1 24   15.5  999.9    27.5    20.5*  0.22G 999.9  000000
010980 99999  20100319    21.6 24    16.0 24  1002.9 24  1001.0 24   31.1  8   12.5 24   19.4  999.9    25.9*   19.4   0.00G 999.9  000000
010980 99999  20100320    21.5 24    17.9 24   991.6 24   989.8 24   18.6  8    8.9 24   17.5  999.9    25.3*   16.2*  0.03E 999.9  001000
010980 99999  20100321    23.6 24    21.5 24   991.2 23   989.4 23   11.4  7   21.5 23   25.3  999.9    26.6    17.1   0.04E 999.9  001000
010980 99999  20100322    26.9 24    24.3 24   989.6 22   987.8 22   14.0  6   18.3 22   25.3  999.9    30.9*   19.2   0.03E 999.9  001000
010980 99999  20100323    27.6 24    25.0 24  1001.8 23   999.9 23    5.4  6   19.8 23   27.2  999.9    29.5    25.5   0.02E 999.9  001000
010980 99999  20100324    28.2 24    24.7 24  1011.5 24  1009.6 24    9.1  7   10.3 24   21.4  999.9    31.8    25.5   0.08G 999.9  001000
010980 99999  20100325    25.2 24    21.8 24  1014.7 24  1012.9 24   18.4  8   17.1 24   25.3  999.9    28.0    22.6*  0.00G 999.9  001000
010980 99999  20100326    26.3 24    20.9 24  1008.1 24  1006.2 24   24.5  8   11.5 24   21.4  999.9    30.9    19.0   0.00F 999.9  000000
010980 99999  20100327    28.3 24    21.0 24  1011.8 24  1010.0 24   15.6  8    8.0 24   13.6  999.9    30.4    23.7*  0.15G 999.9  001000
010980 99999  20100328    28.1 24    23.4 24  1012.0 24  1010.1 24   11.3  8    8.9 24   17.5  999.9    32.4    22.6   0.09G 999.9  011100
010980 99999  20100329    28.1 24    24.4 24  1008.7 24  1006.8 24    4.8  6   13.9 24   19.4  999.9    28.9*   26.6   0.08G 999.9  001000
010980 99999  20100330    28.9 24    24.7 24  1008.0 24  1006.2 24    4.1  6   10.8 24   13.6  999.9    29.8*   27.5   0.07G 999.9  001000
010980 99999  20100331    30.8 24    26.1 24  1012.5 24  1010.6 24   16.7  8   12.9 24   25.3  999.9    34.2    28.6*  0.07G 999.9  001000
010980 99999  20100401    34.9 24    30.6 24  1015.9 24  1014.1 24   16.9  7    6.6 24   11.7  999.9    38.7    30.4   0.00G 999.9  010000
010980 99999  20100402    37.8 24    35.3 24  1013.9 24  1012.1 24   15.9  8    6.5 24   11.7  999.9    40.5    36.0   0.00I 999.9  000000
010980 99999  20100403    36.9 23    31.4 23  1018.0 23  1016.2 23   18.6  8   12.3 23   19.4  999.9    40.8    34.9   0.00F 999.9  000000
010980 99999  20100404    36.5 24    32.9 24  1022.2 24  1020.3 24   18.6  8    5.8 24    9.7  999.9    39.0    34.5*  0.00G 999.9  010000
010980 99999  20100405    35.4 24    33.3 24  1021.0 24  1019.2 24   20.8  7    6.6 24    9.7  999.9    39.2    32.2*  0.46G 999.9  010000
010980 99999  20100406    35.1 23    32.9 23  1024.8 23  1022.9 23   18.3  8    3.5 23    5.8  999.9    36.5    31.6   0.01G 999.9  010000
010980 99999  20100407    35.1 24    32.3 24  1027.2 24  1025.3 24   19.8  8    5.7 24   11.7  999.9    38.5    32.7*  0.00G 999.9  010000
010980 99999  20100408    32.5 24    27.8 24  1021.6 24  1019.7 24   15.6  8    9.1 24   11.7  999.9    33.3*   31.8*  0.02G 999.9  010000
010980 99999  20100409    35.4 24    30.8 24  1023.1 24  1021.3 24   18.3  8    9.1 24   15.5  999.9    39.2    32.2   0.02G 999.9  001000
010980 99999  20100410    37.8 24    33.9 24  1031.2 24  1029.4 24   28.4  8    2.7 24    5.8  999.9    40.5    33.1   0.00G 999.9  010000
010980 99999  20100411    37.8 24    33.1 24  1030.7 24  1028.9 24   31.8  8    9.5 24   23.3  999.9    39.9    36.1   0.00G 999.9  010000
010980 99999  20100412    37.8 23    33.2 23  1013.0 23  1011.2 23   20.4  7   14.4 23   23.3  999.9    39.9*   36.3   0.06G 999.9  010000
010980 99999  20100413    35.2 24    32.1 24  1007.7 24  1005.9 24   14.1  8   12.1 24   17.5  999.9    37.8    32.5*  0.27G 999.9  010000
010980 99999  20100414    32.3 24    25.5 24  1014.2 24  1012.4 24   26.7  6    8.9 24   15.5  999.9    35.4    29.1*  0.05G 999.9  001000
010980 99999  20100415    36.6 24    32.9 24  1001.7 24   999.9 24   28.9  8   12.3 24   17.5  999.9    40.3    31.1   0.00G 999.9  011000
010980 99999  20100416    35.9 24    33.4 24   992.9 24   991.2 24   17.8  7   10.8 24   25.3  999.9    38.8    32.7*  0.00G 999.9  010000
010980 99999  20100417    31.7 24    26.8 24   990.9 24   989.1 24   21.2  6   17.6 24   23.3  999.9    33.1    28.4*  0.11G 999.9  010000
010980 99999  20100418    33.8 24    25.3 24   993.4 24   991.6 24   32.6  8    9.4 24   17.5  999.9    38.7    27.1   0.00G 999.9  010000
010980 99999  20100419    35.8 24    29.3 24   999.0 23   997.2 23   18.4  7    6.3 23    9.7  999.9    37.9    32.5   0.02E 999.9  010000
010980 99999  20100420    34.3 24    29.6 24  1008.6 24  1006.8 24   26.2  8    4.4 24    9.7  999.9    36.7    29.7*  0.08F 999.9  011000
010980 99999  20100421    33.1 24    29.2 24  1013.5 24  1011.7 24   24.9  8    5.7 24    9.7  999.9    38.1    29.1   0.00F 999.9  001000
010980 99999  20100422    34.5 23    30.6 23  1014.0 23  1012.2 23   34.2  6    6.6 23   15.5  999.9    39.4    28.6   0.00I 999.9  000000
010980 99999  20100423    35.1 24    29.4 24  1007.6 24  1005.8 24   12.5  8   16.3 24   25.3  999.9    37.4    32.7*  0.00E 999.9  001000
010980 99999  20100424    32.2 24    26.2 24  1004.2 24  1002.4 24    5.3  8   25.0 24   27.2  999.9    34.0*   30.9*  0.04G 999.9  011000
010980 99999  20100425    30.3 20    22.8 20  1016.9 20  1015.1 20   11.4  7   17.4 20   23.3  999.9    32.5*   26.8*  0.01G 999.9  001000
010980 99999  20100426    34.1 23    27.9 23  1012.1 23  1010.3 23   20.2  6   15.4 23   23.3  999.9    39.4    25.2*  0.00G 999.9  010000
010980 99999  20100427    36.0 24    29.7 24   996.5 24   994.8 24   26.8  8   20.2 24   33.0  999.9    38.7*   28.8*  0.02G 999.9  010000
010980 99999  20100428    31.9 23    24.7 23   997.7 23   995.9 23   39.5  7   18.1 23   23.3  999.9    34.5*   27.3   0.00G 999.9  000000
010980 99999  20100429    33.6 24    29.2 24   994.9 24   993.1 24   17.2  8   17.8 24   25.3  999.9    35.8*   30.6   0.00G 999.9  010000
010980 99999  20100430    37.3 24    29.5 24  1005.4 24  1003.6 24   31.5  8    6.4 24    9.7  999.9    40.8    33.1   0.08G 999.9  001000
010980 99999  20100501    36.9 24    31.8 24  1002.4 24  1000.6 24   12.7  8   16.3 24   21.4  999.9    38.3    35.2   0.00G 999.9  010000
010980 99999  20100502    37.8 22    35.7 22   994.6 22   992.8 22   13.7  8   12.6 22   21.4  999.9    39.6    35.4   0.59E 999.9  010000
010980 99999  20100503    37.6 24    35.8 24  1003.7 24  1001.9 24    4.9  8   11.3 24   15.5  999.9    39.2    35.6*  0.16F 999.9  110000
010980 99999  20100504    34.9 14    32.6 14  1015.9 14  1014.0 14    6.1  8    8.0 14   15.5  999.9    36.3    33.8*  0.04E 999.9  011000
010980 99999  20100505    33.7 10    28.4 10  1021.6 10  1019.8 10   13.0  8    9.5 10   13.6  999.9    34.7    32.9*  0.11G 999.9  010000
010980 99999  20100506    34.1 17    23.8 17  1025.4 17  1023.5 17   19.8  8    8.8 17   11.7  999.9    34.9    32.7   0.00G 999.9  010000
010980 99999  20100507    36.2 18    26.5 18  1027.0 18  1025.1 18   28.0  8   10.8 18   13.6  999.9    40.5    32.4   0.00F 999.9  000000
010980 99999  20100508    40.6 16    31.0 16  1017.6 16  1015.8 16   33.4  8   12.6 16   15.5  999.9    45.0    35.6   0.00G 999.9  000000
010980 99999  20100509    37.7 17    31.5 17  1009.7 17  1007.9 17   18.3  8    8.5 17   13.6  999.9    40.8    36.3   0.00G 999.9  000000
010980 99999  20100510    39.7 16    33.8 16  1012.6 16  1010.8 16   18.2  7    4.6 16    7.8  999.9    43.3    35.8   0.00G 999.9  000000
010980 99999  20100511    38.0 16    35.6 16  1016.0 16  1014.2 16    9.1  7    7.0 16   11.7  999.9    39.6*   33.8   0.17G 999.9  010000
010980 99999  20100512    42.4 24    37.7 24  1018.9 24  1017.1 24   22.4  8    6.2 24    9.7  999.9    47.8    37.0   0.00G 999.9  010000
010980 99999  20100513    43.2 24    35.7 24  1025.3 24  1023.5 24   40.0  8    8.2 24   17.5  999.9    50.0    36.9   0.13G 999.9  000000
010980 99999  20100514    43.2 24    38.7 24  1022.5 24  1020.7 24   24.1  8    4.3 24    7.8  999.9    45.1    40.8   0.00G 999.9  000000
010980 99999  20100515    40.4 24    38.5 24  1026.2 20  1024.3 20    2.4  4    7.7 20   11.7  999.9    42.6*   38.8*  0.00I 999.9  000000
010980 99999  20100516    40.0 24    36.7 24  1027.7 23  1025.8 23   11.9  7   11.1 23   15.5  999.9    42.1    38.5   0.00G 999.9  010000
010980 99999  20100517    47.1 24    40.7 24  1023.1 24  1021.3 24   18.3  8    6.8 24   11.7  999.9    52.3    39.2   0.00G 999.9  000000
010980 99999  20100518    51.5 13    43.5 13  1025.6 13  1023.9 13   31.8  4   10.5 13   19.4  999.9    69.4*   44.6*  0.00G 999.9  000000
010980 99999  20100519    42.8 24    40.1 24  1032.2 23  1030.3 23   14.2  7   11.4 23   17.5  999.9    45.9    40.1*  0.00G 999.9  010000
010980 99999  20100520    40.2 24    37.3 24  1028.1 23  1026.3 23   10.8  7    4.3 23    5.8  999.9    41.4    38.5*  0.00E 999.9  110000
010980 99999  20100521    39.8 24    36.5 24  1025.5 24  1023.7 24    8.8  6    5.7 24    9.7  999.9    42.4    37.9   0.06G 999.9  000000
010980 99999  20100522    42.3 24    36.9 24  1021.1 24  1019.3 24   31.1  8    7.7 24   11.7  999.9    46.6    37.8   0.04G 999.9  000000
010980 99999  20100523    43.0 24    39.7 24  1007.8 24  1006.0 24   12.7  8   10.2 24   15.5  999.9    46.2    40.6*  0.02G 999.9  010000
010980 99999  20100524    41.4 24    37.5 24  1009.2 24  1007.4 24   13.7  5    8.5 24   13.6  999.9    43.3    39.0*  0.00G 999.9  010000
010980 99999  20100525    38.5 24    33.6 24  1016.1 24  1014.3 24   10.5  8   12.4 24   17.5  999.9    42.1    36.3*  0.02G 999.9  010000
010980 99999  20100526    37.3 24    31.3 24  1021.1 24  1019.3 24   13.8  7    9.2 24   11.7  999.9    39.6    35.6   0.00G 999.9  010000
010980 99999  20100527    37.1 12    32.8 12  1022.9 12  1021.0 12  999.9  0    7.9 12   11.7  999.9    38.1*   35.8   0.01G 999.9  010000
010980 99999  20100602    44.6 16    35.4 16  1018.0 16  1016.2 16  999.9  0  999.9  0  999.9  999.9    47.1*   43.5*  0.00E 999.9  000000
010980 99999  20100603    49.8 24    38.9 24  1007.5 24  1005.8 24   30.3  8  999.9  0  999.9  999.9    55.9    43.9   0.00G 999.9  010000
010980 99999  20100604    42.6 24    39.5 24  1002.7 24  1000.9 24    9.8  6   19.3 15   21.4  999.9    46.2*   40.3*  0.12G 999.9  010000
010980 99999  20100605    41.6 24    38.3 24   999.4 24   997.6 24   11.3  7   17.3 24   25.3  999.9    44.2    39.6*  0.08G 999.9  010000
010980 99999  20100606    40.3 24    36.5 24  1002.3 24  1000.5 24   10.6  8   16.6 24   21.4  999.9    41.7    39.4   0.21G 999.9  010000
010980 99999  20100607    40.1 24    35.5 24  1007.9 24  1006.1 24    5.7  5   17.4 24   19.4  999.9    42.6    37.8*  0.04G 999.9  010000
010980 99999  20100608    40.2 24    32.9 24  1012.7 24  1010.9 24   24.9  7   13.4 24   21.4  999.9    42.8    36.9   0.01G 999.9  010000
010980 99999  20100609    42.4 24    34.7 24  1013.6 24  1011.8 24   42.6  7    5.5 24    9.7  999.9    46.0    39.2   0.00G 999.9  010000
010980 99999  20100610    42.2 24    34.7 24  1014.2 24  1012.4 24   30.7  8    5.4 24   11.7  999.9    45.7    37.6*  0.15G 999.9  010000
010980 99999  20100611    42.6 24    33.9 24  1012.5 24  1010.7 24   36.0  7    9.4 24   17.5  999.9    46.2    37.2   0.10G 999.9  000000
010980 99999  20100612    40.4 24    31.7 24  1008.3 24  1006.5 24   31.5  8    6.3 24    9.7  999.9    43.3    38.3*  0.00G 999.9  000000
010980 99999  20100613    40.0 24    32.2 24  1006.0 24  1004.2 24   12.8  8    7.4 24    9.7  999.9    43.5    37.2   0.00E 999.9  010000
010980 99999  20100614    41.1 24    32.9 24  1012.0 24  1010.2 24   29.3  7   10.0 24   15.5  999.9    43.7    37.6   0.00E 999.9  010000
010980 99999  20100615    44.4 24    37.2 24  1014.8 24  1013.0 24   23.7  8   11.3 24   15.5  999.9    49.5    39.2   0.00E 999.9  010000
010980 99999  20100616    47.1 24    39.7 24  1012.4 24  1010.6 24   30.3  8    9.1 24   15.5  999.9    50.7    43.2   0.00G 999.9  010000
010980 99999  20100617    46.5 22    40.6 22  1010.7 22  1008.9 22   35.7  8    5.6 22    9.7  999.9    51.3*   41.2*  0.04E 999.9  010000
010980 99999  20100618    46.2 24    40.3 24  1011.2 24  1009.4 24   44.8  7    6.4 24    9.7  999.9    49.1    41.0   0.00F 999.9  000000
010980 99999  20100619    46.0 24    41.0 24  1011.7 24  1009.9 24   32.8  7   10.6 24   15.5  999.9    48.2    43.7   0.00G 999.9  000000
010980 99999  20100620    50.6 24    45.8 24  1006.7 24  1004.9 24   15.5  8    7.4 24   13.6  999.9    55.6    45.1   0.00G 999.9  010000
010980 99999  20100621    48.1 23    43.5 23  1006.1 23  1004.3 23   28.0  7    9.5 23   19.4  999.9    53.6    44.6*  0.00E 999.9  010000
010980 99999  20100622    50.6 23    40.2 23  1004.2 23  1002.4 23   32.4  7   11.2 23   15.5  999.9    57.0    45.3*  0.00E 999.9  010000
010980 99999  20100623    46.0 24    40.0 24  1008.5 24  1006.7 24   26.4  8   11.7 24   19.4  999.9    48.9    44.2   0.02F 999.9  010000
010980 99999  20100624    47.5 24    39.3 24  1015.7 24  1013.9 24   40.0  8    7.7 24   15.5  999.9    50.9    44.6*  0.01G 999.9  010000
010980 99999  20100625    46.3 24    39.4 24  1015.6 24  1013.8 24   46.6  8    8.8 24   15.5  999.9    49.3    43.9   0.00G 999.9  000000
010980 99999  20100626    51.1 24    46.3 24  1005.8 24  1004.1 24   18.5  8    6.8 24   13.6  999.9    57.7    45.9   0.00G 999.9  010000
010980 99999  20100627    48.5 24    44.4 24   999.0 23   997.3 23   13.2  6    7.7 23   19.4  999.9    54.9    45.5*  0.16G 999.9  000000
010980 99999  20100628    42.8 24    40.1 24  1007.7 24  1005.9 24    2.4  8   18.3 24   23.3  999.9    45.7*   42.1*  0.10G 999.9  010000
010980 99999  20100629    44.8 24    40.2 24  1017.4 24  1015.6 24   12.3  8   10.3 24   15.5  999.9    47.8    41.9*  0.14G 999.9  000000
010980 99999  20100630    45.2 24    39.1 24  1017.2 24  1015.4 24   36.2  6    6.5 24    9.7  999.9    48.2    41.5   0.00G 999.9  000000
010980 99999  20100701    43.5 24    40.7 24  1014.5 24  1012.7 24   10.6  8   10.2 24   11.7  999.9    44.4*   42.4*  0.00G 999.9  010000
010980 99999  20100702    42.4 24    39.2 24  1016.5 24  1014.7 24   11.7  8   11.7 24   13.6  999.9    44.1    40.5*  0.90G 999.9  010000
010980 99999  20100703    43.4 24    38.4 24  1017.2 24  1015.4 24   28.4  8    4.8 24    7.8  999.9    45.1    40.5   0.22G 999.9  010000
010980 99999  20100704    45.3 24    41.3 24  1017.8 24  1016.0 24   18.6  6    7.9 24   11.7  999.9    47.8    42.4   0.00G 999.9  000000
010980 99999  20100705    48.0 24    45.8 24  1011.5 21  1009.7 21    3.2  5    3.5 21    7.8  999.9    50.2*   46.0   0.24E 999.9  110000
010980 99999  20100706    53.9 15    50.8 15  1006.6 14  1004.8 14   11.4  5    6.0 14    9.7  999.9    60.6*   46.6*  0.00G 999.9  100000
010980 99999  20100707    46.8 19    44.6 19  1013.6 18  1011.8 18    5.1  5    5.9 18   11.7  999.9    47.8    46.0*  0.16E 999.9  010000
010980 99999  20100708    49.1 23    46.8 23  1016.5 22  1014.8 22   21.5  7    8.5 22   15.5  999.9    51.8*   46.2*  0.00H 999.9  010000
010980 99999  20100709    50.3 24    47.8 24  1013.6 24  1011.8 24   15.4  8    8.8 24   15.5  999.9    57.9    45.5*  0.00G 999.9  010000
010980 99999  20100710    45.8 24    44.3 24  1014.1 16  1012.3 16  999.9  0    8.5 16   15.5  999.9    47.1*   45.0*  0.00I 999.9  000000
010980 99999  20100711    50.0 24    46.8 24  1017.4 23  1015.6 23   16.0  7    9.6 23   23.3  999.9    53.6    45.3   0.10G 999.9  000000
010980 99999  20100712    52.3 24    47.3 24  1014.1 24  1012.4 24   37.7  7    7.9 24   15.5  999.9    56.7    46.0   0.00G 999.9  010000
010980 99999  20100713    51.3 24    47.8 24  1011.2 23  1009.4 23   15.4  7    7.5 23   13.6  999.9    55.4*   48.2*  0.03G 999.9  010000
010980 99999  20100714    49.1 24    45.4 24  1008.7 24  1006.9 24   20.4  8    8.0 24   17.5  999.9    51.4    46.4*  0.00G 999.9  000010
010980 99999  20100715    47.9 23    41.9 23  1015.5 23  1013.7 23   30.3  8   18.0 23   31.1  999.9    50.5    46.2   0.26G 999.9  000000
010980 99999  20100716    48.3 24    41.9 24  1022.9 24  1021.1 24   33.8  8    6.2 24    9.7  999.9    51.4    45.9   0.00G 999.9  000000
010980 99999  20100717    49.9 24    47.0 24  1019.3 24  1017.5 24   11.2  8    6.4 24    9.7  999.9    52.3*   46.8   0.00G 999.9  000000
010980 99999  20100718    59.6 24    54.4 24  1010.0 24  1008.2 24   16.7  8   10.4 24   15.5  999.9    68.0    50.9   0.00G 999.9  010000
010980 99999  20100719    56.1 24    47.1 24  1003.1 24  1001.4 24   24.6  8   16.8 24   31.1  999.9    60.8    50.0*  0.09G 999.9  010000
010980 99999  20100720    53.0 22    48.6 22  1004.5 22  1002.8 22   23.7  8    5.7 22   15.5  999.9    57.2    48.4*  0.02G 999.9  010000
010980 99999  20100721    50.8 24    42.9 24  1009.2 24  1007.5 24   43.1  7    6.2 24   13.6  999.9    54.5    47.8   0.33G 999.9  010000
010980 99999  20100722    49.3 24    45.5 24  1003.3 22  1001.6 22   22.2  5    9.6 22   13.6  999.9    55.0*   46.9*  0.01G 999.9  010000
010980 99999  20100723    45.9 24    41.2 24   998.3 24   996.5 24   10.0  8   23.8 24   35.0  999.9    54.1*   41.9*  0.76G 999.9  010000
010980 99999  20100724    51.2 24    42.9 24  1017.9 24  1016.1 24   37.7  7   14.9 24   25.3  999.9    56.8    42.6   0.00G 999.9  000000
010980 99999  20100725    53.1 24    45.6 24  1023.7 24  1021.9 24   33.1  6    7.0 24   13.6  999.9    56.5*   46.4   0.00G 999.9  000000
010980 99999  20100726    53.7 24    48.8 24  1020.0 24  1018.2 24   33.4  8    7.8 24   13.6  999.9    56.8    49.3*  0.00E 999.9  010000
010980 99999  20100727    52.7 22    49.3 22  1014.1 22  1012.3 22   14.5  6    6.6 22    9.7  999.9    56.5    49.3   0.00H 999.9  010000
010980 99999  20100728    52.5 24    50.5 24  1010.6 21  1008.9 21   10.4  5   10.7 21   19.4  999.9    61.2*   48.0*  0.08G 999.9  000000
010980 99999  20100729    49.0 24    46.8 24  1019.2 20  1017.4 20    6.2  4    4.0 20    5.8  999.9    52.0    47.5*  0.00G 999.9  100000
010980 99999  20100730    48.6 24    46.7 24  1014.3 20  1012.6 20    3.1  4    5.5 20    7.8  999.9    49.5*   47.5   0.00G 999.9  100000
010980 99999  20100731    62.0 22    54.3 22  1003.6 22  1001.9 22   16.6  6   13.9 22   21.4  999.9    70.2*   47.8   0.00G 999.9  000000
010980 99999  20100801    53.8 24    50.6 24  1005.8 24  1004.1 24   13.2  8    7.9 24   17.5  999.9    59.7*   48.4*  0.00G 999.9  010000
010980 99999  20100802    51.1 23    48.6 23  1009.6 23  1007.8 23   11.4  7    6.6 23   11.7  999.9    57.6*   47.1*  0.00E 999.9  000000
010980 99999  20100803    51.2 24    48.9 24  1008.4 24  1006.6 24   15.1  8    5.4 24    9.7  999.9    54.1    50.2   0.00G 999.9  010000
010980 99999  20100804    50.6 24    48.5 24  1011.9 24  1010.1 24    8.6  7    5.5 24    9.7  999.9    53.2    48.9*  0.07G 999.9  010000
010980 99999  20100805    48.2 22    46.5 22  1007.8 22  1006.0 22    3.3  6   12.2 22   17.5  999.9    49.8*   45.5*  0.00G 999.9  010000
010980 99999  20100806    48.8 23    45.6 23  1021.5 23  1019.8 23   31.5  7    7.9 23   11.7  999.9    52.7*   45.3   0.00H 999.9  010000
010980 99999  20100807    59.1 24    52.0 24  1020.3 24  1018.6 24   26.4  8    9.9 24   15.5  999.9    65.8    49.1   0.00G 999.9  000000
010980 99999  20100808    52.3 23    49.8 23  1018.6 23  1016.9 23   10.0  7    6.2 23    9.7  999.9    54.1*   49.5*  0.00G 999.9  000000
010980 99999  20100809    49.7 23    47.6 23  1016.9 23  1015.2 23    8.5  7    5.6 23   11.7  999.9    52.3    47.3*  0.00G 999.9  110000
010980 99999  20100810    48.8 24    45.9 24  1013.7 24  1012.0 24   18.2  7    6.2 24    7.8  999.9    52.2    46.4   0.00G 999.9  110000
010980 99999  20100811    51.9 24    47.7 24  1011.0 24  1009.2 24   13.8  7   10.7 24   25.3  999.9    56.3    45.9*  0.00E 999.9  000000
010980 99999  20100812    48.6 24    39.0 24  1021.8 24  1020.0 24   28.4  8   10.4 24   17.5  999.9    50.9    45.5   0.03G 999.9  010000
010980 99999  20100813    55.5 24    47.2 24  1019.2 24  1017.4 24   29.9  8    6.8 24   15.5  999.9    64.9    48.4*  0.00G 999.9  000000
010980 99999  20100814    56.7 24    50.5 24  1012.0 24  1010.3 24   20.9  7    9.5 24   19.4  999.9    62.1    48.0  99.99  999.9  010000
010980 99999  20100815    45.9 24    40.4 24  1005.3 24  1003.6 24   13.6  8   19.7 24   31.1  999.9    53.2*   38.1*  0.24E 999.9  010100
010980 99999  20100816    43.2 23    35.8 23  1012.0 23  1010.2 23   12.8  8   27.1 23   35.0  999.9    48.0    37.2   0.22F 999.9  010000
010980 99999  20100817    42.8 24    35.7 24  1010.2 24  1008.4 24   14.8  8   23.2 24   29.1  999.9    45.9    40.5   0.24F 999.9  010000
010980 99999  20100818    43.7 24    39.7 24  1010.0 24  1008.2 24   11.3  8   21.4 24   29.1  999.9    45.1    40.8   0.09F 999.9  010000
010980 99999  20100819    44.7 23    42.0 23  1012.1 23  1010.3 23   11.4  7    9.0 23   15.5  999.9    46.8    43.3   0.00E 999.9  010000
010980 99999  20100820    44.5 23    39.5 23  1014.0 23  1012.2 23   21.2  6    7.8 23   11.7  999.9    48.4    42.8   0.00E 999.9  010000
010980 99999  20100821    43.1 24    38.4 24  1014.4 24  1012.6 24   14.3  8    5.0 24    7.8  999.9    45.5    40.8*  0.01G 999.9  000000
010980 99999  20100822    41.6 24    36.1 24  1010.0 24  1008.2 24   24.5  8    4.9 24    5.8  999.9    43.5    40.6   0.00G 999.9  000000
010980 99999  20100823    41.8 24    37.5 24  1006.2 24  1004.4 24   12.3  7    7.4 24   11.7  999.9    44.8    39.4*  0.00E 999.9  110000
010980 99999  20100824    42.1 23    36.6 23  1006.5 23  1004.7 23   14.0  7    7.7 23    9.7  999.9    45.9    39.4   0.01G 999.9  010000
010980 99999  20100825    42.6 24    37.5 24  1008.2 24  1006.5 24   13.3  7    7.0 24    9.7  999.9    46.4    39.4   0.00G 999.9  010000
010980 99999  20100826    43.4 24    38.1 24  1009.9 24  1008.2 24   21.4  8    7.2 24   11.7  999.9    46.8    41.2*  0.04G 999.9  000000
010980 99999  20100827    43.7 24    38.1 24  1010.7 24  1008.9 24   25.2  8   10.3 24   13.6  999.9    47.1    40.3   0.00G 999.9  010000
010980 99999  20100828    43.0 23    39.1 23  1014.1 23  1012.3 23   12.1  8    7.2 23    9.7  999.9    44.8    41.4*  0.02G 999.9  010000
010980 99999  20100829    42.2 24    34.5 24  1018.2 24  1016.4 24   32.0  7    4.2 24    7.8  999.9    45.9    38.3*  0.00G 999.9  000000
010980 99999  20100830    44.6 24    37.2 24  1015.6 24  1013.8 24   21.2  6    9.0 24   11.7  999.9    49.5    37.0   0.00G 999.9  000000
010980 99999  20100831    47.9 24    42.2 24  1009.8 24  1008.0 24   24.5  8   11.3 24   17.5  999.9    53.6    42.4   0.00G 999.9  000000
010980 99999  20100901    48.5 24    44.4 24  1006.9 24  1005.1 24   26.4  8    6.8 24   11.7  999.9    51.1    45.9   0.00G 999.9  010000
010980 99999  20100902    44.8 23    41.1 23  1014.7 23  1012.9 23   16.5  7   13.7 23   21.4  999.9    47.5*   42.3*  0.05G 999.9  010000
010980 99999  20100903    45.1 24    40.5 24  1019.1 24  1017.3 24   18.5  8    7.5 24    9.7  999.9    48.9    42.1   0.05G 999.9  010000
010980 99999  20100904    44.4 24    39.7 24  1010.0 24  1008.2 24   13.3  7   15.1 24   27.2  999.9    48.9    41.9*  0.00G 999.9  010000
010980 99999  20100905    41.7 24    35.5 24  1019.6 24  1017.8 24   15.5  8   12.9 24   17.5  999.9    44.2    40.1*  0.03G 999.9  010000
010980 99999  20100906    44.8 24    41.2 24  1021.9 24  1020.1 24   13.6  8    9.0 24   13.6  999.9    51.1*   39.4   0.02G 999.9  010000
010980 99999  20100907    47.2 23    43.1 23  1020.5 23  1018.7 23   13.0  8   13.9 23   25.3  999.9    51.1    43.7*  0.06G 999.9  010000
010980 99999  20100908    46.6 24    43.1 24  1022.9 24  1021.1 24   26.6  7   10.6 24   15.5  999.9    49.8    43.5   0.03G 999.9  000000
010980 99999  20100909    45.7 24    41.5 24  1025.4 24  1023.6 24   29.0  6    8.4 24   13.6  999.9    47.5    44.8   0.00G 999.9  010000
010980 99999  20100910    50.7 23    45.5 23  1020.6 23  1018.8 23   23.7  8    7.2 23   17.5  999.9    56.5    45.0   0.00G 999.9  000000
010980 99999  20100911    46.4 22    44.0 22  1018.0 22  1016.3 22    9.4  6    4.1 22    5.8  999.9    49.5*   45.0*  0.00E 999.9  010000
010980 99999  20100912    48.7 24    45.9 24  1015.6 24  1013.8 24   16.0  7    5.2 24    7.8  999.9    51.8    45.5   0.00G 999.9  000000
010980 99999  20100913    50.4 24    48.0 24  1006.2 24  1004.5 24   13.3  7    6.1 24    9.7  999.9    52.7    48.9   0.03E 999.9  010000
010980 99999  20100914    47.8 24    44.8 24  1003.7 24  1001.9 24   21.0  8    7.6 24   13.6  999.9    51.4*   45.5*  0.07G 999.9  010000
010980 99999  20100915    44.6 24    41.0 24  1004.6 24  1002.8 24   20.9  7    5.8 24    9.7  999.9    45.7*   43.7*  0.00G 999.9  000000
010980 99999  20100916    46.6 22    45.0 22  1005.2 22  1003.4 22    2.6  6   11.7 22   15.5  999.9    48.7    43.9*  0.00H 999.9  010000
010980 99999  20100917    45.7 24    43.9 24  1004.0 24  1002.3 24    3.1  8   10.4 24   13.6  999.9    46.8*   45.0*  0.05G 999.9  010000
010980 99999  20100918    45.5 22    43.6 22   998.2 22   996.5 22    1.9  6    6.5 22    9.7  999.9    46.6*   44.4   0.00G 999.9  010000
010980 99999  20100919    47.5 22    45.2 22   999.5 22   997.8 22   18.2  6    5.7 22   11.7  999.9    52.2    43.2*  0.00E 999.9  000000
010980 99999  20100920    45.7 23    43.8 23  1004.5 23  1002.7 23   12.7  6    3.2 23    5.8  999.9    48.4*   41.0   0.00G 999.9  000000
010980 99999  20100921    45.7 21    44.2 21  1012.9 21  1011.1 21    7.3  5    4.9 21    7.8  999.9    46.9    44.1*  0.00G 999.9  000000
010980 99999  20100922    46.0 23    44.2 23  1012.7 23  1010.9 23    8.0  7    7.7 23   19.4  999.9    48.0    42.8   0.00G 999.9  010000
010980 99999  20100923    44.1 24    39.7 24  1003.6 24  1001.8 24   23.1  7   14.3 24   21.4  999.9    47.8    41.9*  0.36G 999.9  010000
010980 99999  20100924    43.5 24    37.2 24  1002.4 24  1000.6 24   29.9  8    6.4 24   11.7  999.9    46.6    40.5   0.00G 999.9  010000
010980 99999  20100925    43.7 24    38.2 24  1003.1 24  1001.3 24   35.0  8   17.6 24   25.3  999.9    46.0    41.9   0.00G 999.9  010000
010980 99999  20100926    43.1 24    38.0 24  1012.9 24  1011.1 24   15.5  8   14.6 24   23.3  999.9    44.8    41.2*  0.07G 999.9  010000
010980 99999  20100927    41.8 24    37.0 24  1020.4 24  1018.6 24   15.1  8    8.7 24   15.5  999.9    44.1    39.7   0.13G 999.9  010000
010980 99999  20100928    43.1 24    39.9 24  1017.7 24  1015.9 24   16.7  7   13.3 24   21.4  999.9    45.5    39.6   0.05G 999.9  010000
010980 99999  20100929    45.3 24    42.2 24  1016.3 24  1014.5 24    8.7  5   14.6 24   21.4  999.9    46.9    43.7   0.15G 999.9  010000
010980 99999  20100930    44.5 24    40.0 24  1018.3 24  1016.5 24   10.3  8   12.1 24   17.5  999.9    46.8    42.6*  0.15G 999.9  010000
010980 99999  20101001    44.5 24    41.6 24  1023.5 24  1021.7 24    8.0  7    4.7 24    7.8  999.9    46.9    41.5   0.00G 999.9  010000
010980 99999  20101002    45.0 24    39.4 24  1020.5 24  1018.7 24   27.5  7   10.4 24   17.5  999.9    50.0    39.7*  0.00G 999.9  000000
010980 99999  20101003    41.6 24    35.6 24  1017.2 24  1015.4 24   23.3  6   10.4 24   15.5  999.9    48.0    36.9   0.00G 999.9  000000
010980 99999  20101004    48.7 24    42.0 24  1010.0 24  1008.2 24   18.6  8   17.2 24   27.2  999.9    50.7    38.8   0.00F 999.9  000000
010980 99999  20101005    50.5 23    43.8 23  1010.3 23  1008.6 23   18.6  6   13.4 23   19.4  999.9    52.9    49.1   0.00G 999.9  000000
010980 99999  20101006    50.0 24    43.4 24  1012.4 24  1010.7 24   22.2  7   18.9 24   27.2  999.9    51.8    48.0   0.00G 999.9  000000
010980 99999  20101007    49.2 24    43.1 24  1010.5 24  1008.8 24   21.7  7   22.6 24   35.0  999.9    51.8*   47.5   0.00F 999.9  000000
010980 99999  20101008    49.5 24    42.2 24  1017.7 24  1015.9 24   32.8  7   13.8 24   19.4  999.9    54.1    46.0   0.00E 999.9  010000
010980 99999  20101009    47.3 24    41.2 24  1010.4 24  1008.7 24   32.6  8    9.4 24   15.5  999.9    50.0    44.8*  0.00G 999.9  010000
010980 99999  20101010    43.3 24    40.1 24  1002.4 24  1000.6 24   17.0  6   10.4 24   15.5  999.9    45.1    41.2*  0.18G 999.9  010000
010980 99999  20101011    38.3 24    33.2 24   998.4 24   996.6 24   16.6  6   17.6 24   23.3  999.9    42.3*   34.9*  0.31G 999.9  010000
010980 99999  20101012    40.6 24    36.2 24   996.7 24   994.9 24   14.6  7   17.1 24   19.4  999.9    42.4    34.9   0.10G 999.9  010000
010980 99999  20101013    38.4 24    33.5 24   999.6 24   997.9 24   16.7  8   16.2 24   21.4  999.9    39.7*   36.7*  0.06G 999.9  011000
010980 99999  20101014    37.8 24    32.7 24   994.3 24   992.5 24   12.0  7   18.9 24   25.3  999.9    39.6    36.3   0.16G 999.9  011100
010980 99999  20101015    36.3 24    30.6 24   994.6 24   992.8 24    6.8  8   23.3 24   29.1  999.9    38.5    33.1*  0.11G 999.9  011000
010980 99999  20101016    34.4 24    27.5 24  1002.3 24  1000.5 24   14.2  7   15.1 24   23.3  999.9    36.5    32.7   0.13G 999.9  011100
010980 99999  20101017    34.5 24    29.4 24  1002.9 24  1001.1 24   17.8  7    7.0 24   13.6  999.9    36.1*   32.4*  0.01G 999.9  011000
010980 99999  20101018    38.6 19    35.4 19   993.5 19   991.7 19   14.2  7   17.8 19   25.3  999.9    40.3    31.6   0.00G 999.9  010000
010980 99999  20101019    43.0 19    37.8 19   991.3 19   989.6 19   29.7  7   16.6 19   25.3  999.9    45.0    39.7   0.03G 999.9  000000
010980 99999  20101020    40.7 24    37.1 24  1002.5 24  1000.7 24   13.2  8    7.9 24   11.7  999.9    42.3    39.7   0.03G 999.9  010000
010980 99999  20101021    40.7 24    36.5 24   995.9 24   994.1 24   18.1  6    8.7 24   13.6  999.9    42.3    38.8*  0.04G 999.9  001000
010980 99999  20101022    38.3 24    33.5 24   984.1 24   982.3 24   19.4  8    7.2 24   11.7  999.9    39.2*   37.2*  0.12G 999.9  010000
010980 99999  20101023    38.1 24    34.3 24   978.9 24   977.2 24   10.6  8    4.3 24    7.8  999.9    39.0    36.1*  0.32G 999.9  010000
010980 99999  20101024    37.2 24    32.6 24   990.3 24   988.5 24   12.9  7    7.7 24   15.5  999.9    40.1    34.5   0.28G 999.9  011000
010980 99999  20101025    37.2 22    28.3 22  1003.9 22  1002.1 22   15.9  7    8.5 22   11.7  999.9    39.2*   33.8*  0.00G 999.9  011000
010980 99999  20101026    33.6 24    30.0 24  1010.8 24  1009.0 24   14.0  7    8.2 24   15.5  999.9    35.2    30.4*  0.12E 999.9  010000
010980 99999  20101027    30.6 24    26.3 24  1006.2 24  1004.4 24   31.8  8   17.5 24   27.2  999.9    32.7    28.9   0.00F 999.9  000000
010980 99999  20101028    33.3 24    30.6 24   992.9 24   991.1 24   12.4  5    8.7 24   21.4  999.9    36.5*   29.5   0.03G 999.9  001000
010980 99999  20101029    33.7 24    27.6 24   999.9 24   998.0 24   12.8  8   13.4 24   21.4  999.9    36.0    29.8*  0.28G 999.9  011000
010980 99999  20101030    28.5 24    23.3 24  1008.0 24  1006.2 24   27.5  7   10.7 24   15.5  999.9    33.1*   24.6*  0.03G 999.9  001000
010980 99999  20101031    34.0 23    30.5 23   990.5 23   988.7 23    7.4  6   15.3 23   25.3  999.9    38.3*   24.3   0.17G 999.9  011000
010980 99999  20101101    37.7 23    33.3 23   988.9 23   987.1 23   12.9  8   13.4 23   21.4  999.9    39.4    32.7   0.03G 999.9  010000
010980 99999  20101102    36.6 24    31.6 24   985.3 24   983.6 24   13.6  8   22.3 24   33.0  999.9    39.2    32.7*  0.06G 999.9  010000
010980 99999  20101103    33.6 18    29.8 18   987.1 18   985.4 18    8.3  6    7.8 18   17.5  999.9    34.3    31.8   0.00G 999.9  010000
010980 99999  20101104    35.9 20    29.9 20   984.9 20   983.1 20   12.4  7   16.9 20   23.3  999.9    38.3    33.6*  0.33G 999.9  011000
010980 99999  20101105    33.3 23    23.1 23   993.3 23   991.6 23   14.0  4   17.8 23   23.3  999.9    35.8    31.1*  0.00G 999.9  000000
010980 99999  20101106    31.9 23    23.1 23   996.2 23   994.4 23   13.4  8    8.8 23   15.5  999.9    33.6    29.3   0.01G 999.9  011000
010980 99999  20101107    31.5 24    25.8 24   995.3 24   993.5 24   24.4  7    9.0 24   15.5  999.9    34.2    25.9   0.00G 999.9  011000
010980 99999  20101108    25.7 24    22.1 24   995.5 24   993.6 24   17.9  8   14.0 24   23.3  999.9    29.8*   21.7*  0.04G 999.9  001000
010980 99999  20101109    26.8 24    21.7 24  1005.8 24  1004.0 24   24.9  8   18.2 24   27.2  999.9    32.4*   21.4   0.02G 999.9  001000
010980 99999  20101110    24.8 24    21.4 24  1011.5 24  1009.6 24   24.5  8   11.0 24   27.2  999.9    31.1*   21.6   0.01G 999.9  000000
010980 99999  20101111    35.4 24    25.8 24  1002.1 24  1000.3 24   18.6  7   14.3 24   17.5  999.9    36.7    27.3   0.00G 999.9  000000
010980 99999  20101112    35.2 24    30.8 24   987.9 24   986.1 24    6.8  8   15.5 24   19.4  999.9    36.5    33.8*  0.04G 999.9  011000
010980 99999  20101113    34.7 24    31.6 24   981.5 24   979.7 24   13.0  8    7.2 24   11.7  999.9    35.8    33.1   0.21G 999.9  010000
010980 99999  20101114    35.1 24    31.2 24   985.9 24   984.1 24   16.3  8    8.5 24   13.6  999.9    37.2*   32.0*  0.11G 999.9  010000
010980 99999  20101115    29.6 24    24.4 24   999.8 24   998.0 24   28.4  8   11.8 24   17.5  999.9    33.3*   25.5*  0.00G 999.9  000000
010980 99999  20101116    29.4 24    22.1 24  1011.8 24  1010.0 24   23.1  7   13.8 24   23.3  999.9    35.1    24.3   0.03G 999.9  000000
010980 99999  20101117    32.6 24    26.0 24  1018.9 24  1017.0 24   28.4  8   21.5 24   31.1  999.9    36.5    25.7   0.00G 999.9  000000
010980 99999  20101118    34.4 24    29.3 24  1017.0 24  1015.2 24   27.5  7   22.3 24   35.0  999.9    38.1    28.9   0.00G 999.9  010000
010980 99999  20101119    29.4 24    21.6 24  1029.3 24  1027.4 24   11.3  8   12.1 24   19.4  999.9    33.6*   24.8*  0.05G 999.9  001000
010980 99999  20101120    24.1 24    18.0 24  1028.1 24  1026.2 24   27.5  7   19.4 24   27.2  999.9    32.0*   19.4*  0.04G 999.9  000000
010980 99999  20101121    31.2 22    24.9 22  1017.7 22  1015.9 22   11.4  8   20.6 22   29.1  999.9    34.9*   24.3   0.06G 999.9  011100
010980 99999  20101122    28.4 22    24.0 22  1008.7 22  1006.8 22   13.0  4   28.3 22   38.9  999.9    32.0    23.5   0.00G 999.9  001000
010980 99999  20101123    26.8 23    20.0 23  1021.3 23  1019.4 23   10.1  8   10.4 23   17.5  999.9    30.2*   22.5*  0.08G 999.9  001000
010980 99999  20101124    20.0 23    17.4 23  1022.1 23  1020.2 23   14.2  6   11.2 23   15.5  999.9    23.5    16.7*  0.00G 999.9  000000
010980 99999  20101125    17.7 20    16.1 20  1026.4 20  1024.4 20  999.9  0    1.8 20    9.7  999.9    22.6*   15.4*  0.00E 999.9  000000
010980 99999  20101126    28.5 24    23.3 24  1027.8 24  1025.9 24   22.1  8    7.8 24   19.4  999.9    30.9    16.0   0.01G 999.9  001000
010980 99999  20101127    28.6 24    21.2 24  1029.8 24  1027.9 24    7.2  7   12.2 24   17.5  999.9    30.7*   25.5*  0.06G 999.9  001000
010980 99999  20101128    28.4 24    21.8 24  1030.1 24  1028.2 24   17.5  8    9.4 24   15.5  999.9    30.0    26.1   0.09G 999.9  001000
010980 99999  20101129    28.9 24    23.9 24  1025.7 24  1023.8 24   11.5  7   12.2 24   17.5  999.9    32.4    25.3   0.10G 999.9  001000
010980 99999  20101130    29.7 24    25.4 24  1015.9 24  1014.0 24   21.7  7   15.5 24   21.4  999.9    34.5*   24.6*  0.14G 999.9  001000
010980 99999  20101201    36.1 24    31.9 24  1003.5 24  1001.7 24   14.3  8   16.9 24   27.2  999.9    39.4    32.4   0.06G 999.9  010000
010980 99999  20101202    35.9 24    31.1 24   992.9 24   991.1 24   26.4  8   25.3 24   31.1  999.9    39.6    33.1*  0.04G 999.9  010000
010980 99999  20101203    31.9 24    26.2 24  1002.7 24  1000.9 24   13.0  8   10.2 24   17.5  999.9    35.6*   29.8*  0.01G 999.9  011000
010980 99999  20101204    24.6 24    21.3 24   999.0 24   997.1 24   22.6  7   18.0 24   23.3  999.9    28.9*   18.1*  0.04G 999.9  000000
010980 99999  20101205    20.3 24    17.2 24   995.6 24   993.7 24   16.4  7   17.0 24   23.3  999.9    25.2*   15.8   0.00G 999.9  001000
010980 99999  20101206    26.8 24    23.2 24   995.2 24   993.4 24   17.3  7   21.4 24   35.0  999.9    28.6    22.6   0.00E 999.9  001000
010980 99999  20101207    24.8 24    20.9 24   995.1 24   993.2 24   26.4  8   14.2 24   19.4  999.9    26.1*   21.9*  0.00G 999.9  001000
010980 99999  20101208    22.2 24    18.7 24   996.9 24   995.0 24   15.5  7   11.2 23   17.5  999.9    23.5*   20.1*  0.01G 999.9  001000
010980 99999  20101209    27.9 23    23.6 23  1002.5 23  1000.6 23    8.5  8   16.0 23   29.1  999.9    30.2*   20.7   0.12G 999.9  001000
010980 99999  20101210    24.2 24    17.1 24  1006.3 24  1004.4 24   35.7  8   10.8 24   15.5  999.9    28.4*   21.7*  0.13G 999.9  000000
010980 99999  20101211    29.4 24    24.7 24   991.9 24   990.1 24    9.8  8   22.1 24   33.0  999.9    32.0    22.6   0.00G 999.9  001000
010980 99999  20101212    28.6 22    26.0 22   996.3 22   994.4 22    5.7  8   23.3 22   29.1  999.9    30.2    27.1   0.41G 999.9  001000
010980 99999  20101213    23.5 14    18.9 14  1018.9 14  1017.1 14   18.7  4   20.3 14   27.2  999.9    30.7*   19.6*  0.00G 999.9  001000
010980 99999  20101214    29.1 24    23.3 24  1021.9 24  1020.1 24   13.9  8   15.2 24   23.3  999.9    35.1    18.9   0.00G 999.9  011000
010980 99999  20101215    26.0 24    23.4 24  1009.0 24  1007.1 24   18.2  7   26.6 24   40.8  999.9    27.3*   23.2   0.08G 999.9  000000
010980 99999  20101216    26.0 24    21.3 24  1006.9 24  1005.0 24   23.5  7   22.7 24   29.1  999.9    27.3    24.8*  0.28G 999.9  000000
010980 99999  20101217    26.3 23    20.0 23  1031.5 23  1029.6 23   38.8  8   14.8 23   17.5  999.9    28.0*   24.8   0.00G 999.9  000000
010980 99999  20101218    22.2 24    17.0 24  1040.0 24  1038.1 24   26.8  8    9.0 24   15.5  999.9    26.2*   17.1*  0.00G 999.9  001000
010980 99999  20101219    12.2 24     9.4 24  1030.4 24  1028.4 24   24.4  7   14.2 24   21.4  999.9    19.0*    7.3*  0.00G 999.9  001000
010980 99999  20101220    13.8 23    11.1 23  1019.6 23  1017.7 23    8.8  6   10.0 23   15.5  999.9    21.9*    7.0   0.01G 999.9  001000
010980 99999  20101221    27.9 24    21.3 24  1017.1 24  1015.3 24   19.1  7    9.7 24   13.6  999.9    29.7    18.9   0.02G 999.9  011000
010980 99999  20101222    29.2 24    21.2 24  1019.1 24  1017.3 24   21.7  8   10.8 24   15.5  999.9    30.6    26.2*  0.03G 999.9  001000
010980 99999  20101223    26.2 24    22.3 24  1016.2 24  1014.3 24   14.6  7   13.2 24   19.4  999.9    29.3*   23.7*  0.14G 999.9  001000
010980 99999  20101224    30.8 24    26.6 24  1011.8 24  1010.0 24   15.1  7   15.9 24   21.4  999.9    32.4    25.3   0.22G 999.9  001000
010980 99999  20101225    29.3 24    24.9 24  1019.8 24  1018.0 24   17.1  8   14.1 24   25.3  999.9    34.5*   25.0*  0.21G 999.9  010100
010980 99999  20101226    32.3 24    27.6 24  1021.4 24  1019.5 24   16.3  8   18.9 24   23.3  999.9    34.9*   28.0*  0.02G 999.9  001000
010980 99999  20101227    29.7 24    24.2 24  1024.8 24  1022.9 24   20.9  7   16.3 24   21.4  999.9    33.8    26.6*  0.00G 999.9  001000
010980 99999  20101228    27.5 24    21.4 24  1026.6 24  1024.7 24   28.4  8   17.2 24   23.3  999.9    33.4    22.5*  0.01G 999.9  000000
010980 99999  20101229    20.1 24    13.2 24  1022.1 24  1020.2 24   20.9  7   21.0 24   36.9  999.9    22.1    18.7   0.00G 999.9  000000
010980 99999  20101230    22.2 24    20.2 24  1003.4 24  1001.6 24    6.4  8   26.7 24   44.7  999.9    25.3    18.1*  0.00G 999.9  000000
010980 99999  20101231    18.8 24    16.7 24   992.0 24   990.2 24    3.6  8   23.0 24   29.1  999.9    20.7*   16.7*  0.00G 999.9  001000
